              precision    recall  f1-score   support

           0       0.90      0.93      0.92       933
           1       0.84      0.96      0.89      1072
           2       0.86      0.62      0.72       261
           3       0.91      0.83      0.87       432
           4       0.86      0.80      0.83       387
           5       0.89      0.56      0.68       115

    accuracy                           0.87      3200
   macro avg       0.88      0.78      0.82      3200
weighted avg       0.87      0.87      0.87      3200
